itkizhqufi	65.07478887347132	27.80917179050384	23.776156832233497	11.508777057657536	70.8660340875426	21.768221445537304	11.19008540715378
lmrsxuwvyx	41.35146355288343	51.90346764225686	55.105766004174114	16.468787083555885	70.1790730894904	57.68432091656239	60.41212061806519
imwmmexdka	40.02139992577807	44.05704602517194	47.56973105908456	41.368833989416885	73.88885753969785	60.9865688754573	69.66269931532888
feurnwszfz	54.60538214760531	58.990734799806575	24.217846368065217	45.30793089037324	42.66313896949404	61.73007077756836	57.08690561724345
gseuysouih	60.627958988189164	67.32182014204855	15.012795432070773	29.17381055298804	23.247476788678856	56.715518718709966	16.404276550875167
pwapzdvepw	36.04441709118099	13.831261255107526	44.143107294057785	63.452527128980094	36.53651277721018	30.133538592885536	50.262219435242315
yatowhmtlu	38.84769580350328	45.18796860525079	48.6436624243713	27.368166698919094	15.89903156987197	53.167187943537954	60.205590269946484
trsmsuxvct	54.76246478862629	27.832122124884222	26.440729285317275	31.146286715993348	41.626385782401215	39.883290125182306	19.972672366975665
hgkhmsxesc	28.2524525662201	59.18740984654714	27.81901639818248	70.91409301273771	47.465428339518276	69.27512348368501	69.68320231720452
hwhrowdttu	74.68324769712751	32.90394646839308	44.17006361884829	19.297427559910858	17.193558994310536	70.16044054892899	16.931977854071913
